 -0.8222712E-13  0.000000      0.000000      0.000000     0.1554312E-12 000000
  -3.316061     0.1101301    -0.4484747E-01-0.3139113E-01  1.407272     100000
  0.4431028E-02-0.3017082     0.1711982E-01 0.1186735E-01-0.1135901     010000
  0.6005804E-01 0.1216905E-01 -2.115345     -2.527916    -0.2024072E-01 001000
  0.2446852E-01 0.5044269E-02 0.8012700E-01-0.3769789    -0.8214351E-02 000100
   0.000000      0.000000      0.000000      0.000000      1.000000     000010
   3.704381      4.120780      0.000000      0.000000    -0.1705249     000001
  0.7557803E-03-0.4177219E-03 0.2445733E-04-0.1254914E-04-0.1043475E-01 200000
  0.1314631E-03-0.1406980E-03-0.9942108E-05 0.9694488E-05 0.4442544E-03 110000
 -0.3254473E-04-0.4820682E-05 0.3833383E-06-0.1787098E-05-0.2153429E-03 020000
 -0.7459022E-04-0.3498325E-05 0.4837403E-02 0.1415744E-02 0.1094040E-03 101000
  0.1627028E-04 0.1249601E-04-0.7812952E-04 0.2231537E-03 0.3890617E-04 011000
 -0.1090023E-02-0.1356490E-02-0.8424592E-04-0.3621099E-04-0.1215298E-01 002000
 -0.1373187E-04 0.6441244E-05 0.1479621E-02 0.8526180E-03 0.7069118E-04 100100
  0.2819390E-06 0.2123351E-05-0.1074021E-04-0.7411271E-05 0.5762818E-05 010100
 -0.2973396E-04-0.5834076E-03-0.6068883E-04-0.2996486E-04-0.8056755E-02 001100
 -0.1735501E-01-0.6064337E-01 0.1777034E-02 0.1224890E-02-0.1507835E-01 100001
  0.1506575E-01 0.1159678E-02 0.1399645E-03 0.1029208E-03-0.4730774E-02 010001
 -0.1576027E-03 0.4297534E-03 0.1854739     0.1325450     0.1706596E-03 001001
 -0.6298739E-05-0.9424802E-04-0.1074767E-04-0.6169509E-05-0.1702147E-02 000200
 -0.1120529E-04 0.1843341E-03 0.7772585E-01 0.5481096E-01 0.5081206E-04 000101
 -0.3590172E-01-0.4027679E-01  0.000000      0.000000    -0.5229016E-02 000002
  0.1057225E-03 0.1162231E-03-0.1701122E-05-0.9964263E-06-0.9523800E-07 300000
 -0.7804075E-04-0.2676907E-04-0.7119570E-06-0.6168471E-06 0.2233687E-04 210000
  0.1101327E-05 0.7104693E-05-0.1790485E-06-0.1031641E-06 0.2153252E-05 120000
 -0.1435490E-05 0.1470789E-06-0.3380152E-07-0.2456928E-07 0.6422186E-06 030000
 -0.4064396E-05-0.3221561E-05-0.1175321E-02-0.8052635E-03 0.5938090E-06 201000
  0.5929210E-06 0.5347909E-06 0.1548406E-03 0.1159787E-03-0.1085358E-06 111000
 -0.1056827E-06-0.5539532E-07-0.4552408E-04-0.3066008E-04 0.2752005E-07 021000
  0.2400131E-03 0.3738316E-03 0.1716991E-04 0.1195068E-04 0.4846767E-04 102000
 -0.1672927E-03-0.1738645E-04-0.6418221E-05-0.4488145E-05 0.6227203E-04 012000
 -0.6700120E-05-0.3762429E-05-0.1510152E-02-0.1041905E-02 0.1216223E-05 003000
 -0.1645063E-05-0.1361324E-05-0.4862106E-03-0.3401272E-03 0.1963078E-06 200100
  0.4306205E-06 0.2929149E-06 0.6964999E-04 0.5106666E-04-0.8056054E-07 110100
 -0.4583724E-07-0.2851222E-07-0.1854846E-04-0.1267574E-04 0.8186532E-08 020100
  0.2214609E-03 0.2992647E-03 0.1502249E-04 0.1048783E-04 0.2398203E-04 101100
 -0.1298880E-03-0.1641040E-04-0.5120259E-05-0.3569688E-05 0.4745441E-04 011100
 -0.7989100E-05-0.4579078E-05-0.1835077E-02-0.1271176E-02 0.1454325E-05 002100
  0.3136980E-04-0.2452650E-04-0.7051340E-06 0.1782570E-05 0.2540394E-03 200001
 -0.1724038E-04 0.1977232E-05-0.2434475E-06-0.6338843E-06 0.3554683E-04 110001
 -0.4709234E-08 0.1118757E-05 0.4444891E-07-0.1556830E-07-0.8526109E-06 020001
  0.5186436E-05 0.3466816E-05-0.1187797E-03 0.8833510E-04 0.5062480E-05 101001
 -0.1121868E-05-0.7926625E-06-0.1576929E-04-0.2574521E-04-0.2249416E-05 011001
  0.1828881E-03 0.1251685E-03 0.2412161E-05-0.4104631E-07 0.6732539E-03 002001
  0.4942920E-04 0.6182064E-04 0.3227134E-05 0.2307837E-05 0.3078306E-05 100200
 -0.2650599E-04-0.3570986E-05-0.1074713E-05-0.7658090E-06 0.9586637E-05 010200
 -0.3221961E-05-0.1872408E-05-0.7475417E-03-0.5187445E-03 0.5921429E-06 001200
  0.1259241E-05 0.1004012E-05-0.5135022E-04 0.1160207E-04 0.1159097E-05 100101
 -0.4453938E-06-0.3001298E-06-0.4132728E-05-0.1076517E-04-0.9767340E-06 010101
  0.7248174E-04 0.6214601E-04 0.1911375E-05 0.1793552E-06 0.4211649E-03 001101
  0.1079084E-02 0.1401817E-02-0.3278791E-04-0.2181951E-04 0.2832212E-03 100002
  0.3321878E-04 0.1606133E-03-0.5317531E-05-0.3848919E-05 0.2957008E-04 010002
 -0.7198962E-05-0.1312594E-04-0.3888507E-02-0.2674437E-02-0.2820097E-05 001002
 -0.4402033E-06-0.2573039E-06-0.1026935E-03-0.7156345E-04 0.8229203E-07 000300
  0.5528052E-06 0.5665403E-05 0.3853937E-06 0.7892849E-07 0.5957404E-04 000201
 -0.3269496E-05-0.4974142E-05-0.1432317E-02-0.9857750E-03-0.9112031E-06 000102
  0.3748051E-03 0.4288485E-03  0.000000      0.000000     0.1177760E-03 000003
 -0.1009533E-06 0.8290293E-07-0.1588226E-09-0.2346730E-08-0.2041727E-06 400000
  0.7021632E-07-0.2512811E-07 0.1363832E-08 0.9097041E-09-0.1417373E-06 310000
 -0.6877114E-08-0.6914113E-09-0.1472572E-09-0.1731152E-09-0.4877639E-07 220000
  0.2072899E-08-0.4782517E-10 0.2373984E-10 0.4508176E-10-0.3812004E-08 130000
  0.7968771E-10-0.5732990E-10-0.4851002E-11 0.6194763E-11 0.2494683E-09 040000
 -0.1832393E-07-0.1496793E-07 0.4612803E-06-0.4930387E-06-0.3702073E-07 301000
  0.8284457E-08 0.5469077E-08-0.3190616E-07 0.2063177E-06 0.1577954E-07 211000
 -0.1850509E-08-0.1045214E-08 0.2456028E-07-0.3697834E-07-0.2997697E-08 121000
  0.2515771E-09 0.1212756E-09 0.1112888E-08 0.5280164E-08 0.4482762E-09 031000
 -0.1353550E-05-0.4037574E-06-0.1463257E-07 0.3488121E-08-0.4229128E-05 202000
  0.3039765E-06 0.7009368E-07 0.6598975E-08-0.1804022E-08 0.6296923E-07 112000
 -0.3948503E-07-0.3169547E-07-0.7771836E-09 0.8922083E-09-0.1010938E-06 022000
 -0.4404759E-08-0.1183166E-07 0.5188908E-06-0.8415758E-06 0.1832614E-08 103000
  0.2028703E-08 0.2028022E-08 0.2037227E-06 0.2456176E-06 0.6529014E-08 013000
 -0.1374914E-05-0.8292068E-06-0.3677609E-08 0.6711189E-08-0.4194236E-05 004000
 -0.6971817E-08-0.5923682E-08 0.2240631E-06-0.1586027E-06-0.1394720E-07 300100
  0.3688849E-08 0.2533231E-08-0.2311160E-07 0.8553400E-07 0.7444727E-08 210100
 -0.7212956E-09-0.4131958E-09 0.1047132E-07-0.1314566E-07-0.1118984E-08 120100
  0.1139704E-09 0.5620427E-10 0.2245497E-09 0.2298141E-08 0.2015675E-09 030100
 -0.6814160E-06-0.1342184E-06-0.1278632E-07 0.4216328E-08-0.2673457E-05 201100
  0.1910798E-06 0.3253023E-07 0.4674931E-08-0.2531126E-08-0.1314925E-07 111100
 -0.1609406E-07-0.1821209E-07-0.6059047E-09 0.7272135E-09-0.5949161E-07 021100
 -0.1059416E-07-0.1666929E-07 0.6276732E-06-0.8911580E-06-0.6186696E-08 102100
  0.4973713E-08 0.3582651E-08 0.2148299E-06 0.3024166E-06 0.1156030E-07 012100
 -0.1672463E-05-0.1090399E-05-0.7351665E-08 0.9445013E-08-0.5992327E-05 003100
 -0.1033319E-04-0.8030659E-05 0.5850578E-07 0.2363963E-07 0.8773082E-06 300001
  0.1211264E-05 0.5572162E-07 0.3746591E-07 0.3061533E-07-0.3846085E-06 210001
  0.1371474E-06-0.4570344E-07 0.4229359E-08 0.3123515E-08-0.1008092E-06 120001
 -0.4189278E-07-0.4023037E-07 0.6444771E-09 0.3753687E-09 0.2316646E-08 030001
  0.2685190E-06 0.1994674E-06 0.6141812E-04 0.4162615E-04-0.3695791E-07 201001
 -0.3447638E-08-0.3589402E-08-0.2639153E-05-0.1790786E-05 0.1636796E-08 111001
 -0.2075767E-08-0.2123758E-08-0.5072163E-06-0.3940422E-06 0.8926031E-10 021001
 -0.2124185E-04-0.1927552E-04-0.1105860E-05-0.7636118E-06-0.4033153E-06 102001
  0.1188583E-07-0.2562422E-05 0.1110019E-06 0.7868583E-07-0.8579724E-06 012001
  0.2483653E-06 0.1377437E-06 0.5877970E-04 0.3995566E-04-0.2605402E-07 003001
 -0.5031211E-07 0.1486456E-07-0.2952367E-08 0.6350247E-09-0.4006597E-06 200200
  0.2592026E-07 0.3310074E-09 0.9651830E-09-0.5234571E-09-0.2608773E-07 110200
  0.9800457E-10-0.2167766E-08-0.1301084E-09 0.1416951E-09-0.7152852E-08 020200
 -0.6963572E-08-0.8046079E-08 0.2471847E-06-0.3367465E-06-0.6712780E-08 101200
  0.2985752E-08 0.1911747E-08 0.7733207E-07 0.1250487E-06 0.6077630E-08 011200
 -0.6822799E-06-0.5109539E-06-0.5041044E-08 0.5261768E-08-0.3152276E-05 002200
  0.1157211E-06 0.8606719E-07 0.2512748E-04 0.1723903E-04-0.1398481E-07 200101
 -0.3611721E-08-0.1931096E-08-0.6802182E-06-0.4236139E-06 0.6605551E-09 110101
 -0.1325798E-08-0.1055739E-08-0.2412626E-06-0.1842698E-06 0.1661336E-09 020101
 -0.1613924E-04-0.1415062E-04-0.8894765E-06-0.5959181E-06-0.8349211E-07 101101
 -0.3361667E-06-0.2040521E-05 0.6703307E-07 0.4037247E-07-0.5438454E-06 011101
  0.2764633E-06 0.1562394E-06 0.6761697E-04 0.4624711E-04-0.2678467E-07 002101
 -0.1780155E-05 0.5648585E-06-0.3014492E-09-0.8875052E-07-0.6471989E-05 200002
  0.1891427E-06 0.4458997E-06 0.7989916E-08 0.5555294E-08-0.8058954E-06 110002
  0.3479333E-07-0.1509042E-07 0.5125646E-09 0.1812648E-08-0.2310051E-07 020002
 -0.2721784E-06-0.1878553E-06 0.3690358E-06-0.7561902E-05-0.3179182E-06 101002
  0.2471698E-07 0.1197740E-07 0.4591405E-06 0.3125437E-06 0.2737512E-07 011002
 -0.1235882E-04-0.7119230E-05-0.2323978E-07 0.6262694E-07-0.2585216E-04 002002
 -0.1356121E-08-0.1290864E-08 0.3311722E-07-0.4259306E-07-0.1570394E-08 100300
  0.5465296E-09 0.3256867E-09 0.9266015E-08 0.1734730E-07 0.1034074E-08 010300
 -0.9371121E-07-0.9669899E-07-0.1472591E-08 0.1354246E-08-0.7178392E-06 001300
 -0.3117232E-05-0.2661233E-05-0.1789792E-06-0.1185113E-06 0.9650544E-08 100201
 -0.1594550E-06-0.4343605E-06 0.9693126E-08 0.3961676E-08-0.8198491E-07 010201
  0.1026286E-06 0.5890428E-07 0.2557801E-04 0.1739556E-04-0.9049496E-08 001201
 -0.8732373E-07-0.6308313E-07 0.1795038E-06-0.2525217E-05-0.1072982E-06 100102
  0.1082306E-07 0.5013760E-08 0.1978589E-06 0.1747678E-06 0.1182674E-07 010102
 -0.7708935E-05-0.4455360E-05-0.1615843E-07 0.4526892E-07-0.1760982E-04 001102
 -0.2312242E-04-0.2484788E-04 0.4825833E-06 0.2984156E-06-0.6599590E-05 100003
 -0.2924292E-05-0.3840315E-05 0.9752877E-07 0.6811852E-07-0.6258570E-06 010003
  0.2129936E-06 0.2657620E-06 0.6314117E-04 0.4096224E-04 0.6527061E-07 001003
 -0.2642957E-11-0.5468798E-08-0.1590727E-09 0.1322360E-09-0.5856072E-07 000400
  0.1267294E-07 0.7361399E-08 0.3169253E-05 0.2113208E-05-0.9923297E-09 000301
 -0.1165819E-05-0.6733507E-06-0.2732849E-08 0.8280699E-08-0.2993954E-05 000202
  0.8133969E-07 0.9453726E-07 0.2166409E-04 0.1399153E-04 0.2291502E-07 000103
 -0.4155515E-05-0.4875460E-05  0.000000      0.000000    -0.1875804E-05 000004
  0.2077642E-07 0.1500067E-07 0.7598161E-10 0.8245233E-10-0.3082686E-08 500000
 -0.7475883E-08-0.3660027E-08-0.1693096E-09-0.1304477E-09 0.1777426E-08 410000
  0.1919317E-08 0.1887213E-08 0.1740593E-10 0.1627767E-10-0.8952938E-10 320000
 -0.4496395E-09-0.1584094E-09-0.1036562E-10-0.8137870E-11 0.1265121E-09 230000
 -0.2618291E-10-0.6323236E-12-0.1179678E-12  0.000000     0.1092697E-10 140000
  0.2674002E-11 0.2169140E-11-0.1548354E-13  0.000000    -0.3049138E-12 050000
 -0.9868789E-09-0.6938544E-09-0.9065822E-07-0.6042758E-07 0.1850193E-09 401000
  0.3411285E-09 0.2549926E-09 0.1918003E-07 0.1334580E-07-0.6485835E-10 311000
 -0.9972263E-10-0.6801994E-10-0.1063436E-07-0.7043443E-08 0.2163474E-10 221000
  0.4072485E-12 0.1608075E-11 0.3056911E-09 0.2123537E-09-0.5031601E-12 131000
  0.5260974E-12 0.4281224E-12 0.1340397E-09 0.9855223E-10  0.000000     041000
  0.9224508E-07 0.6987946E-07 0.2948414E-08 0.2132817E-08-0.9037788E-08 302000
 -0.2438929E-07-0.8869479E-08-0.1456366E-08-0.1043457E-08 0.6261717E-08 212000
  0.7729520E-09 0.1254672E-08 0.2066142E-09 0.1384911E-09 0.3319414E-09 122000
  0.3336422E-09 0.3460985E-09 0.1102351E-10 0.7918534E-11-0.1678898E-10 032000
 -0.2429210E-08-0.1642199E-08-0.3935035E-06-0.2666585E-06 0.3410413E-09 203000
  0.2815266E-09 0.1549793E-09 0.2511273E-07 0.1741362E-07-0.4842008E-10 113000
  0.2264101E-10 0.1940043E-10 0.5716293E-08 0.4260826E-08-0.4481009E-11 023000
  0.8596208E-07 0.6460530E-07 0.6598716E-08 0.4591530E-08-0.7326235E-08 104000
  0.2881278E-08 0.9090875E-08-0.2052337E-10-0.3607980E-10 0.2300158E-08 014000
 -0.6545153E-09-0.2704462E-09-0.1488030E-06-0.1007843E-06 0.1168815E-09 005000
 -0.4420787E-09-0.3134266E-09-0.4369955E-07-0.2987470E-07 0.7934973E-10 400100
  0.1569623E-09 0.1141435E-09 0.7959521E-08 0.5539892E-08-0.3037781E-10 310100
 -0.4248061E-10-0.3012577E-10-0.4508000E-08-0.3056575E-08 0.8685914E-11 220100
  0.1165343E-11 0.1188792E-11 0.1138169E-09 0.7509685E-10-0.4006869E-12 130100
  0.2588943E-12 0.1891674E-12 0.5186683E-10 0.3808173E-10  0.000000     040100
  0.7393847E-07 0.5568835E-07 0.2660013E-08 0.1801726E-08-0.7798231E-08 301100
 -0.1889460E-07-0.7027182E-08-0.1128647E-08-0.7527133E-09 0.4939209E-08 211100
  0.7096916E-09 0.1040706E-08 0.1670926E-09 0.1029158E-09 0.2042847E-09 121100
  0.2672140E-09 0.2671536E-09 0.9905412E-11 0.8873498E-11-0.1332604E-10 031100
 -0.3009371E-08-0.2057373E-08-0.4800695E-06-0.3286720E-06 0.4184258E-09 202100
  0.3481175E-09 0.1985009E-09 0.2959052E-07 0.2039267E-07-0.6404763E-10 112100
  0.2969812E-10 0.2359227E-10 0.5843462E-08 0.4338404E-08-0.5063873E-11 022100
  0.1363027E-06 0.1016704E-06 0.1078017E-07 0.7378907E-08-0.1251865E-07 103100
  0.3596244E-08 0.1407202E-07-0.6680916E-10-0.2399496E-10 0.3951652E-08 013100
 -0.1356052E-08-0.5767475E-09-0.3125599E-06-0.2142246E-06 0.2386617E-09 004100
  0.1135779E-07-0.5000925E-08 0.9107200E-10 0.2460673E-09 0.1351681E-07 400001
 -0.2204105E-08-0.1778278E-08-0.6553974E-10-0.8145323E-11 0.1112703E-08 310001
  0.3823435E-10 0.3926990E-09-0.6557688E-11 0.3568248E-11 0.2495307E-08 220001
  0.3602731E-10-0.6906773E-10 0.1168559E-12 0.1414734E-11 0.2179335E-09 130001
 -0.9331421E-11-0.1557334E-11-0.2341215E-12-0.3016933E-12 0.5673883E-11 040001
  0.1980635E-08 0.1429922E-08-0.8672408E-08 0.6953182E-07 0.3285404E-08 301001
 -0.4777700E-09-0.2283043E-09-0.4782888E-08-0.1277552E-07-0.5804481E-09 211001
  0.7341776E-10 0.3010288E-10 0.7774279E-09 0.1931968E-08 0.7153239E-10 121001
  0.4697744E-11 0.3291840E-11-0.1172848E-09 0.1300741E-09 0.1246194E-10 031001
  0.1830648E-06 0.7283039E-07 0.7732731E-09-0.7142412E-09 0.3707074E-06 202001
 -0.1701858E-07-0.1453984E-07-0.1770682E-09 0.2031194E-09-0.1649274E-07 112001
  0.2503570E-08 0.1793240E-08-0.2579067E-10-0.3950081E-10 0.4389649E-08 022001
 -0.4929445E-09 0.3263318E-09 0.9046706E-08 0.1105963E-06-0.1795325E-08 103001
  0.2160949E-09 0.1626360E-09-0.9218800E-08-0.4044041E-08 0.4061079E-09 013001
  0.1786197E-06 0.9558787E-07-0.1685889E-09-0.9403539E-09 0.3535280E-06 004001
  0.1553797E-07 0.1173895E-07 0.5949790E-09 0.3849158E-09-0.1736708E-08 300200
 -0.3733018E-08-0.1342335E-08-0.2226084E-09-0.1357265E-09 0.1028377E-08 210200
  0.1072788E-09 0.2064701E-09 0.3314536E-10 0.1841637E-10 0.4703666E-10 120200
  0.5580945E-10 0.5431468E-10 0.2149394E-11 0.2287618E-11-0.2409001E-11 030200
 -0.1259417E-08-0.8698085E-09-0.1961954E-06-0.1342289E-06 0.1738540E-09 201200
  0.1410116E-09 0.8338113E-10 0.1079677E-07 0.7280159E-08-0.2677731E-10 111200
  0.1257193E-10 0.9470620E-11 0.2114381E-08 0.1607894E-08-0.1863039E-11 021200
  0.8141132E-07 0.6040674E-07 0.6635027E-08 0.4477138E-08-0.7955034E-08 102200
  0.1864992E-08 0.8359823E-08-0.5838833E-10 0.4423960E-11 0.2496628E-08 012200
 -0.1117900E-08-0.4884191E-09-0.2589497E-06-0.1776450E-06 0.1942003E-09 003200
  0.7848746E-09 0.5792108E-09-0.5161378E-08 0.2628088E-07 0.1304281E-08 300101
 -0.2095168E-09-0.1016836E-09-0.2338627E-08-0.5574845E-08-0.2556525E-09 210101
  0.2473311E-10 0.8994931E-11 0.3597728E-09 0.6878083E-09 0.1825399E-10 120101
  0.1776880E-11 0.1274034E-11-0.5650363E-10 0.4281135E-10 0.4944305E-11 030101
  0.1211616E-06 0.4752623E-07 0.4944314E-09-0.8962995E-09 0.2608931E-06 201101
 -0.1217787E-07-0.1097379E-07-0.5629950E-10 0.2573367E-09-0.1228633E-07 111101
  0.2064240E-08 0.1422842E-08-0.2339382E-10-0.3191111E-10 0.3762147E-08 021101
 -0.2729861E-09 0.4827074E-09 0.5827479E-08 0.1168439E-06-0.1718841E-08 102101
  0.2002106E-09 0.1728920E-09-0.1039108E-07-0.5295374E-08 0.4202371E-09 012101
  0.2590172E-06 0.1387190E-06-0.1712302E-09-0.1330191E-08 0.5291572E-06 003101
  0.4249474E-06 0.3046464E-06-0.8742756E-09 0.1850021E-09-0.2986074E-07 300002
  0.3359745E-07 0.3670330E-07-0.1125700E-08-0.8115468E-09-0.2002497E-08 210002
 -0.6848267E-08-0.1377362E-08-0.1481108E-09-0.1225255E-09 0.2850802E-08 120002
  0.2884875E-09 0.3930319E-09-0.6825338E-11-0.3968455E-11 0.1788981E-09 030002
 -0.9376679E-08-0.6910940E-08-0.1985936E-05-0.1307481E-05 0.1147680E-08 201002
 -0.1167767E-08-0.8126504E-09-0.1570420E-06-0.1131080E-06 0.8285194E-10 111002
  0.7981008E-10 0.6202664E-10 0.1887530E-07 0.1356721E-07-0.2468434E-11 021002
  0.7128556E-06 0.5583433E-06 0.3868509E-07 0.2820330E-07 0.2557468E-07 102002
  0.7158211E-07 0.9575098E-07-0.4140672E-09-0.9883425E-09 0.1324614E-07 012002
 -0.6752264E-08-0.3761474E-08-0.1557459E-05-0.1008927E-05 0.3390191E-09 003002
 -0.1781625E-09-0.1242805E-09-0.2690511E-07-0.1821964E-07 0.2446890E-10 200300
  0.1876084E-10 0.1151520E-10 0.1169853E-08 0.7350933E-09-0.3623651E-11 110300
  0.1804450E-11 0.1302434E-11 0.2799186E-09 0.2238018E-09-0.2293890E-12 020300
  0.2172324E-07 0.1603220E-07 0.1803841E-08 0.1183151E-08-0.2241735E-08 101300
  0.5200203E-09 0.2258785E-08-0.1149950E-10 0.1846121E-10 0.6801938E-09 011300
 -0.4582309E-09-0.2052732E-09-0.1061022E-06-0.7232397E-07 0.7847187E-10 002300
  0.1903278E-07 0.7144944E-08 0.8748153E-10-0.2135431E-09 0.4526117E-07 200201
 -0.2243952E-08-0.2142055E-08 0.3602566E-11 0.6999869E-10-0.2337755E-08 110201
  0.4314746E-09 0.2868016E-09-0.5663381E-11-0.7087809E-11 0.8324951E-09 020201
  0.3700609E-10 0.2491643E-09 0.1720194E-08 0.4319365E-07-0.5093605E-09 101201
  0.6733467E-10 0.6426409E-10-0.4005349E-08-0.2240460E-08 0.1624439E-09 011201
  0.1406210E-06 0.7545705E-07-0.6811985E-10-0.7282336E-09 0.2964915E-06 002201
 -0.3977717E-08-0.2914805E-08-0.7823265E-06-0.5193891E-06 0.3921602E-09 200102
 -0.4999230E-09-0.3639572E-09-0.7737908E-07-0.5619296E-07 0.4774182E-10 110102
  0.3753498E-10 0.2644172E-10 0.6771800E-08 0.4841658E-08-0.1467362E-11 020102
  0.4988567E-06 0.3836756E-06 0.2877112E-07 0.1967877E-07 0.1589754E-07 101102
  0.5757639E-07 0.7065610E-07 0.2717614E-09-0.1874012E-09 0.8536768E-08 011102
 -0.7170213E-08-0.4040165E-08-0.1764015E-05-0.1186433E-05 0.2837977E-09 002102
  0.6620053E-07 0.2004600E-07 0.3760893E-09 0.2737205E-08 0.1647463E-06 200003
  0.7422814E-09-0.1392616E-07-0.6837999E-10 0.2246063E-09 0.2391466E-07 110003
 -0.6612459E-09-0.8919905E-09-0.1658765E-10-0.2822226E-10 0.3272736E-09 020003
  0.9371358E-08 0.5934368E-08 0.4218199E-07 0.2705254E-06 0.9975371E-08 101003
 -0.6148757E-10 0.9984502E-10-0.3450404E-08 0.1047865E-07 0.1770027E-09 011003
  0.4857950E-06 0.2725640E-06-0.2825131E-09-0.2709185E-08 0.7541046E-06 002003
  0.2186617E-08 0.1602480E-08 0.1874717E-09 0.1213565E-09-0.2373888E-09 100400
  0.6686802E-10 0.2345132E-09-0.1463424E-11 0.2433825E-11 0.6667579E-10 010400
 -0.9335186E-10-0.4281386E-10-0.2144408E-07-0.1435795E-07 0.1570048E-10 001400
  0.2631401E-10 0.4281515E-10 0.3037352E-09 0.5598317E-08-0.4333186E-10 100301
  0.8482357E-11 0.8166390E-11-0.5365189E-09-0.3223378E-09 0.2351476E-10 010301
  0.3397123E-07 0.1824917E-07-0.1514374E-10-0.1844157E-09 0.7390821E-07 001301
  0.8750094E-07 0.6620704E-07 0.5348243E-08 0.3445530E-08 0.2900933E-08 100202
  0.1190060E-07 0.1339501E-07 0.1618176E-09 0.7422566E-10 0.1433991E-08 010202
 -0.2519864E-08-0.1430634E-08-0.6564326E-06-0.4538196E-06 0.6831291E-10 001202
  0.3205827E-08 0.2041290E-08 0.1597434E-07 0.9537709E-07 0.3481919E-08 100103
 -0.4672673E-10 0.2681721E-10-0.1356040E-08 0.3366135E-08 0.5571270E-10 010103
  0.3310801E-06 0.1850604E-06-0.2610961E-09-0.1992603E-08 0.5262058E-06 001103
  0.3950793E-06 0.3989554E-06-0.6264399E-08-0.3387046E-08 0.1376541E-06 100004
  0.6414658E-07 0.6867250E-07-0.1438352E-08-0.9397196E-09 0.1653439E-07 010004
 -0.4233661E-08-0.4672796E-08-0.8983145E-06-0.5304012E-06-0.1433890E-08 001004
 -0.7554754E-11-0.3544953E-11-0.1723079E-08-0.1128429E-08 0.1240052E-11 000500
  0.3095703E-08 0.1656387E-08-0.1827959E-11-0.1834822E-10 0.6943931E-08 000401
 -0.2920625E-09-0.1663036E-09-0.8017202E-07-0.5655007E-07 0.3479265E-11 000302
  0.5659943E-07 0.3142648E-07-0.5921799E-10-0.3684932E-09 0.9225392E-07 000203
 -0.1505556E-08-0.1601722E-08-0.2930878E-06-0.1697824E-06-0.5073037E-09 000104
  0.4823580E-07 0.5807513E-07  0.000000      0.000000     0.2690041E-07 000005
 -0.1911020E-10 0.9630894E-11-0.2298537E-12-0.2324882E-12-0.9172161E-11 600000
  0.7403556E-11 0.4904954E-12 0.1928724E-12  0.000000    -0.6103067E-12 510000
 -0.2295579E-11 0.1302793E-12-0.3382479E-13  0.000000    -0.7174454E-11 420000
  0.6227546E-12  0.000000     0.1520022E-13  0.000000    -0.3474916E-12 330000
   0.000000      0.000000      0.000000      0.000000    -0.2993884E-12 240000
 -0.1244299E-11-0.1736141E-11 0.3237697E-11-0.9022670E-10-0.3674727E-11 501000
  0.8400899E-13 0.3251514E-12 0.1064278E-10 0.2975839E-10 0.4318973E-12 411000
 -0.2151676E-12-0.1924141E-12 0.4183821E-12-0.1309898E-10-0.4559429E-12 321000
  0.3262237E-13  0.000000     0.8046177E-12 0.1791788E-11 0.3694674E-13 231000
   0.000000      0.000000    -0.8031891E-13  0.000000      0.000000     141000
 -0.4525522E-09-0.1342182E-09-0.2121650E-11-0.1522172E-12-0.7331834E-09 402000
  0.1149891E-09 0.5486564E-10 0.1252808E-11  0.000000     0.1599542E-09 312000
 -0.3690662E-10-0.2073548E-10-0.1295315E-12 0.1193547E-12-0.8564703E-10 222000
  0.2775659E-11 0.2121508E-11 0.2052735E-13  0.000000     0.4233048E-11 132000
 -0.1802483E-12  0.000000      0.000000      0.000000    -0.2487960E-12 042000
  0.6097621E-11-0.4084692E-12 0.3208790E-10-0.4347728E-09 0.7678959E-11 303000
 -0.3394970E-11-0.1581809E-11 0.5991769E-10 0.8639678E-10-0.6396136E-11 213000
  0.7455584E-12 0.4285952E-12-0.1014875E-10-0.1274842E-10 0.1485915E-11 123000
 -0.1518469E-12  0.000000     0.1122364E-11-0.1546879E-11-0.2421473E-12 033000
 -0.1165967E-08-0.5093939E-09-0.3425589E-11 0.5480522E-11-0.2266221E-08 204000
  0.1125568E-09 0.8396641E-10 0.1532150E-12-0.4822370E-12 0.2102799E-09 114000
 -0.1737578E-10-0.9831654E-11 0.2229184E-12  0.000000    -0.2882052E-10 024000
  0.1533756E-10 0.6268862E-11-0.6980201E-10-0.3460678E-09 0.2906598E-10 105000
 -0.2658766E-11-0.1625043E-11 0.3320162E-10-0.5314894E-12-0.4794954E-11 015000
 -0.5822626E-09-0.2898214E-09 0.1115373E-11 0.2479795E-11-0.1105834E-08 006000
 -0.6334312E-12-0.8144200E-12 0.7844491E-11-0.3518564E-10-0.1732473E-11 500100
  0.1333459E-12 0.1922913E-12 0.3890695E-11 0.1280779E-10 0.3530710E-12 410100
 -0.9544557E-13  0.000000     0.6485582E-12-0.4802938E-11-0.1841428E-12 320100
  0.1723353E-13  0.000000     0.3095254E-12 0.7610876E-12 0.2370582E-13 230100
 -0.3430599E-09-0.1016656E-09-0.1419109E-11 0.1090042E-11-0.5663169E-09 401100
  0.8966201E-10 0.4362275E-10 0.6843636E-12-0.5267161E-12 0.1257679E-09 311100
 -0.2698449E-10-0.1552869E-10-0.5160505E-13 0.2165444E-12-0.6416218E-10 221100
  0.2289282E-11 0.1726369E-11  0.000000      0.000000     0.3511402E-11 131100
  0.7266769E-11-0.3993173E-12 0.7785710E-10-0.4508438E-09 0.9227373E-11 302100
 -0.3740050E-11-0.1831300E-11 0.6647834E-10 0.9703570E-10-0.6989188E-11 212100
  0.8606079E-12 0.5204044E-12-0.1034977E-10-0.1259793E-10 0.1737564E-11 122100
 -0.1817416E-12-0.1003487E-12 0.1299875E-11-0.1696529E-11-0.2844348E-12 032100
 -0.1747089E-08-0.7655216E-09-0.5395592E-11 0.9419147E-11-0.3466574E-08 203100
  0.1775271E-09 0.1321050E-09-0.9713284E-13-0.1314192E-11 0.3290790E-09 113100
 -0.3162799E-10-0.1768439E-10 0.3235336E-12  0.000000    -0.5361977E-10 023100
  0.2931729E-10 0.1211918E-10-0.8628267E-10-0.6013163E-09 0.5615601E-10 104100
 -0.5402716E-11-0.3343218E-11 0.6529455E-10 0.2941801E-11-0.9584426E-11 014100
 -0.1370875E-08-0.6823790E-09 0.1891500E-11 0.4855931E-11-0.2649193E-08 005100
 -0.2180164E-08-0.1495537E-08-0.1524338E-10-0.1389815E-10 0.2970768E-09 500001
  0.2546672E-09 0.1390146E-09 0.1190730E-10 0.8973359E-11-0.3836257E-10 410001
 -0.7558928E-10-0.7026149E-10-0.2411895E-12-0.3364309E-12-0.3151932E-11 320001
 -0.1539844E-10-0.1413185E-10 0.8397062E-13  0.000000     0.1933114E-11 230001
  0.2902750E-11 0.1450393E-11 0.5326195E-13  0.000000    -0.6727886E-12 140001
  0.9342696E-10 0.6658041E-10 0.7124072E-08 0.4606760E-08-0.1568006E-10 401001
 -0.1402477E-10-0.1065016E-10-0.5280312E-09-0.3084102E-09 0.2428180E-11 311001
  0.9052812E-13  0.000000     0.1753041E-09 0.9726050E-10-0.6278625E-13 221001
  0.7914247E-12 0.5409848E-12 0.7674883E-10 0.5371186E-10-0.1145175E-12 131001
 -0.1286755E-13  0.000000    -0.3216621E-11-0.2083893E-11  0.000000     041001
 -0.8285962E-08-0.5594182E-08-0.2829856E-09-0.2235735E-09 0.7844185E-09 302001
 -0.5120055E-10-0.2884156E-09 0.6628580E-10 0.5643595E-10 0.3548121E-11 212001
  0.1438679E-09 0.7455886E-10 0.1605847E-11-0.1951140E-12-0.4678633E-10 122001
 -0.1569344E-10-0.9679221E-11-0.8350424E-12-0.2273036E-12 0.1836253E-11 032001
  0.1778093E-09 0.1163205E-09 0.2706090E-07 0.1768476E-07-0.2018615E-10 203001
  0.9722239E-11 0.9310696E-11 0.1894666E-08 0.1378753E-08-0.2134705E-11 113001
 -0.1989573E-11-0.1339737E-11-0.4037475E-09-0.2921217E-09 0.3983861E-12 023001
 -0.6133025E-08-0.4035793E-08-0.4657611E-09-0.3457426E-09 0.4479100E-09 104001
 -0.6518078E-09-0.6723215E-09-0.2349169E-10-0.4324141E-11-0.1427091E-10 014001
  0.3864702E-10 0.1528243E-10 0.8881462E-08 0.5540337E-08-0.6031525E-11 005001
 -0.6285018E-10-0.1741091E-10-0.2416277E-12 0.4405067E-12-0.1062435E-09 400200
  0.1751363E-10 0.8705605E-11 0.6566265E-13-0.2439523E-12 0.2394763E-10 310200
 -0.4754595E-11-0.2880211E-11  0.000000      0.000000    -0.1211946E-10 220200
  0.2712114E-11-0.2761398E-12 0.4120496E-10-0.1649426E-09 0.3449937E-11 301200
 -0.1386719E-11-0.7035998E-12 0.2582487E-10 0.3737719E-10-0.2599133E-11 211200
  0.3353726E-12 0.2102842E-12-0.3761601E-11-0.4377734E-11 0.6896412E-12 121200
 -0.9793672E-09-0.4316411E-09-0.3836079E-11 0.5102252E-11-0.1987846E-08 202200
  0.1046374E-09 0.7829937E-10 0.1890355E-13-0.6971728E-12 0.1911037E-09 112200
 -0.2080490E-10-0.1162496E-10 0.1718146E-12  0.000000    -0.3578453E-10 022200
  0.2230425E-10 0.9295182E-11-0.4064942E-10-0.4331179E-09 0.4338691E-10 103200
 -0.4398185E-11-0.2746037E-11 0.5148721E-10 0.5071851E-11-0.7729705E-11 013200
 -0.1340623E-08-0.6693156E-09 0.1293283E-11 0.4056164E-11-0.2630709E-08 004200
  0.4116215E-10 0.2938362E-10 0.3327357E-08 0.2206886E-08-0.6574246E-11 400101
 -0.5776616E-11-0.4330735E-11-0.1120043E-09-0.5355184E-10 0.9723289E-12 310101
   0.000000      0.000000     0.7003213E-10 0.3982887E-10 0.1468413E-13 220101
  0.3391667E-12 0.2376212E-12 0.3357829E-10 0.2379076E-10-0.5060473E-13 130101
 -0.6199107E-08-0.4188503E-08-0.2352645E-09-0.1716793E-09 0.6006154E-09 301101
 -0.1347571E-09-0.2892679E-09 0.4465429E-10 0.3615233E-10 0.9221751E-11 211101
  0.1260981E-09 0.6532175E-10 0.2062048E-11 0.7526541E-12-0.3868079E-10 121101
 -0.1174345E-10-0.7289192E-11-0.6836339E-12-0.1733466E-12 0.1431427E-11 031101
  0.2076377E-09 0.1368809E-09 0.3239947E-07 0.2185220E-07-0.2344669E-10 202101
  0.1483336E-10 0.1306490E-10 0.2438959E-08 0.1725580E-08-0.2591952E-11 112101
 -0.2541820E-11-0.1726380E-11-0.4265732E-09-0.2906628E-09 0.4645325E-12 022101
 -0.9179665E-08-0.5985359E-08-0.7174648E-09-0.5190495E-09 0.6996235E-09 103101
 -0.9914751E-09-0.1034803E-08-0.4240515E-10-0.1400951E-10-0.2615644E-10 013101
  0.7479155E-10 0.2938903E-10 0.1849119E-07 0.1236632E-07-0.1138685E-10 004101
 -0.6328298E-09-0.2393813E-11-0.5778464E-11-0.1214430E-10-0.8778535E-09 400002
  0.1648912E-10 0.1663281E-09 0.6713072E-12-0.2090534E-11 0.5369090E-10 310002
  0.1828409E-11-0.8323056E-11 0.4494777E-12-0.1261196E-12-0.4559491E-10 220002
 -0.1770332E-11-0.1731567E-12  0.000000      0.000000    -0.1139129E-10 130002
   0.000000     0.3047330E-12  0.000000      0.000000    -0.1600697E-12 040002
 -0.1096984E-09-0.6929936E-10-0.4094840E-09-0.4088587E-08-0.1511953E-09 301002
  0.9791289E-11 0.5571476E-12 0.2333472E-09 0.1824267E-09 0.3038066E-11 211002
 -0.2451575E-12 0.1222734E-12-0.7599043E-11 0.5336205E-11 0.8468683E-12 121002
 -0.3359945E-12-0.1753521E-12-0.2656377E-11-0.9203960E-11-0.4246944E-12 031002
 -0.1134061E-07-0.5495752E-08-0.3263236E-10 0.2973952E-10-0.1909633E-07 202002
  0.3629207E-09 0.5227424E-09 0.4784905E-11-0.2218930E-12-0.4777620E-10 112002
 -0.3834988E-10-0.6881618E-11 0.4902243E-12-0.1202603E-12-0.1379728E-10 022002
  0.7216147E-10 0.1978367E-10-0.1721376E-08-0.6402984E-08 0.1595023E-09 103002
 -0.1473840E-10-0.1050753E-10 0.1250236E-09-0.2598610E-09-0.2137839E-10 013002
 -0.1010622E-07-0.5427309E-08 0.2098909E-10 0.5995832E-10-0.1606042E-07 004002
  0.3103829E-12  0.000000     0.6134050E-11-0.2169254E-10 0.3925633E-12 300300
 -0.1719699E-12  0.000000     0.3613456E-11 0.5113623E-11-0.3288252E-12 210300
 -0.2429867E-09-0.1078580E-09-0.9636752E-12 0.1585386E-11-0.5059901E-09 201300
  0.2758814E-10 0.2083528E-10-0.7263843E-13-0.3183442E-12 0.4933316E-10 111300
  0.8442122E-11 0.3543435E-11-0.5114140E-11-0.1554584E-09 0.1669396E-10 102300
 -0.1798731E-11-0.1131335E-11 0.2013419E-10 0.2634508E-11-0.3126537E-11 012300
 -0.6978521E-09-0.3501042E-09 0.3929675E-12 0.1776356E-11-0.1388388E-08 003300
 -0.1201619E-08-0.8154876E-09-0.4889712E-10-0.3311356E-10 0.1188754E-09 300201
 -0.5780921E-10-0.7962065E-10 0.7277969E-11 0.5370528E-11 0.4366336E-11 210201
  0.2825312E-10 0.1433508E-10 0.5869041E-12 0.3277328E-12-0.8325792E-11 120201
  0.8120721E-10 0.5395166E-10 0.1290115E-07 0.8887653E-08-0.9040640E-11 201201
  0.7412614E-11 0.6131364E-11 0.1082668E-08 0.7466631E-09-0.1119731E-11 111201
 -0.1081574E-11-0.7384351E-12-0.1510690E-09-0.9474344E-10 0.1832087E-12 021201
 -0.5145888E-08-0.3320845E-08-0.4254293E-09-0.3096224E-09 0.4122652E-09 102201
 -0.5807516E-09-0.6050563E-09-0.2489813E-10-0.6468916E-11-0.1556980E-10 012201
  0.5729400E-10 0.2228026E-10 0.1500243E-07 0.1048093E-07-0.8575832E-11 003201
 -0.4370376E-10-0.2793487E-10-0.1325719E-09-0.1585050E-08-0.5980104E-10 300102
  0.3932386E-11 0.1565692E-12 0.1092382E-09 0.7393119E-10 0.8928840E-12 210102
  0.1271962E-12 0.1714398E-12-0.1670713E-11 0.6179001E-11 0.6136073E-12 120102
 -0.1236170E-12  0.000000    -0.1196618E-11-0.3478521E-11-0.1483403E-12 030102
 -0.8036671E-08-0.3968083E-08-0.1461768E-10 0.4379369E-10-0.1388427E-07 201102
  0.2987265E-09 0.4042877E-09 0.1351405E-11-0.1970640E-11-0.1597119E-10 111102
 -0.3456034E-10-0.7014830E-11 0.2806620E-12-0.2722645E-12-0.1543449E-10 021102
  0.7527692E-10 0.2287955E-10-0.1574141E-08-0.6541051E-08 0.1712765E-09 102102
 -0.1606569E-10-0.1202015E-10 0.1250199E-09-0.2897974E-09-0.2232700E-10 012102
 -0.1495958E-07-0.7988928E-08 0.2621063E-10 0.8210285E-10-0.2407845E-07 003102
 -0.1251179E-07-0.8779217E-08-0.4297941E-11-0.2937163E-10 0.4773597E-09 300003
 -0.2501284E-08-0.1884198E-08 0.2224068E-10 0.1278205E-10 0.2497274E-09 210003
  0.3334827E-10-0.3515521E-10 0.4469518E-11 0.3467408E-11-0.2590225E-10 120003
  0.6171495E-11-0.3192822E-12 0.1633401E-12 0.1219189E-12-0.5815698E-11 030003
  0.2288374E-09 0.1728672E-09 0.4848508E-07 0.3053672E-07-0.2818031E-10 201003
  0.5627256E-10 0.3896160E-10 0.8387893E-08 0.5789224E-08-0.2462951E-11 111003
  0.3066148E-12 0.2153745E-12-0.8063212E-10-0.4831512E-10-0.2037218E-12 021003
 -0.1895804E-07-0.1383878E-07-0.1092784E-08-0.9146466E-09-0.1334436E-08 102003
 -0.2308240E-08-0.2322309E-08-0.2121739E-10 0.2130555E-10-0.2837949E-09 012003
  0.1722761E-09 0.9886505E-10 0.3182194E-07 0.1644670E-07-0.2529372E-11 003003
 -0.2244404E-10-0.1001900E-10-0.7903322E-13 0.1997384E-12-0.4818063E-10 200400
  0.1587998E-11 0.6666209E-12 0.2439109E-12-0.2928485E-10 0.3212910E-11 101400
 -0.2042324E-09-0.1030891E-09 0.4188684E-13 0.4393026E-12-0.4110839E-09 002400
  0.1065856E-10 0.7133979E-11 0.1708879E-08 0.1190961E-08-0.1156114E-11 200301
  0.1222715E-11 0.9695045E-12 0.1647352E-09 0.1111063E-09-0.1696617E-12 110301
 -0.1277417E-08-0.8140026E-09-0.1092552E-09-0.7816605E-10 0.1083160E-09 101301
 -0.1545497E-09-0.1585611E-09-0.7447434E-11-0.2309712E-11-0.3589224E-11 011301
  0.2169200E-10 0.8293749E-11 0.6020678E-08 0.4386041E-08-0.3214911E-11 002301
 -0.1407884E-08-0.7069902E-09-0.1225385E-11 0.1153867E-10-0.2519513E-08 200202
  0.6618596E-10 0.8188370E-10-0.1740039E-12-0.7797764E-12 0.4336589E-11 110202
 -0.7464357E-11-0.1435701E-11 0.3628582E-13  0.000000    -0.3635760E-11 020202
  0.2555864E-10 0.8426383E-11-0.4900402E-09-0.2265401E-08 0.6175636E-10 101202
 -0.6151343E-11-0.4813984E-11 0.3902771E-10-0.1148562E-09-0.8176556E-11 011202
 -0.8302373E-08-0.4416610E-08 0.1212410E-10 0.4217575E-10-0.1348808E-07 002202
  0.9481267E-10 0.7077605E-10 0.1837936E-07 0.1163727E-07-0.8170275E-11 200103
  0.2366136E-10 0.1661476E-10 0.3522627E-08 0.2444112E-08-0.1110574E-11 110103
  0.1827294E-12 0.1637602E-12 0.2999134E-11 0.6353253E-11-0.1159666E-12 020103
 -0.1275966E-07-0.9222618E-08-0.7645881E-09-0.6000084E-09-0.8455357E-09 101103
 -0.1651736E-08-0.1606299E-08-0.2466864E-10 0.9305089E-11-0.1962878E-09 011103
  0.1792692E-09 0.1038008E-09 0.3628798E-07 0.2084684E-07-0.1602477E-11 002103
 -0.2027711E-08-0.1451720E-08-0.1293972E-10-0.6672331E-10-0.3875012E-08 200004
 -0.1744657E-09 0.1365724E-09-0.8990613E-12-0.1074443E-10-0.7057290E-09 110004
  0.1050205E-10 0.3269076E-10 0.1757027E-12  0.000000    -0.1693010E-10 020004
 -0.2491130E-09-0.1434724E-09-0.1545251E-08-0.7080196E-08-0.2384991E-09 101004
 -0.1159994E-10-0.9654426E-11-0.7558979E-10-0.5696063E-09-0.1700006E-10 011004
 -0.1429902E-07-0.8016157E-08 0.1754111E-10 0.7690501E-10-0.1830025E-07 002004
 -0.1181526E-09-0.7402619E-10-0.9872315E-11-0.6460149E-11 0.1065831E-10 100401
  0.4052462E-11 0.1507506E-11 0.1186181E-08 0.8960100E-09-0.5987628E-12 001401
  0.2819598E-11 0.9868951E-12-0.5251160E-10-0.2660352E-09 0.7493402E-11 100302
 -0.8240154E-12-0.6694305E-12 0.3554052E-11-0.1610623E-10-0.1055124E-11 010302
 -0.2049420E-08-0.1088816E-08 0.2452482E-11 0.9623904E-11-0.3349010E-08 001302
 -0.2138485E-08-0.1532212E-08-0.1329657E-09-0.9714000E-10-0.1391616E-09 100203
 -0.2976216E-09-0.2796222E-09-0.6140373E-11 0.5724083E-12-0.3661197E-10 010203
  0.6175348E-10 0.3597960E-10 0.1362544E-07 0.8507641E-08-0.1951147E-12 001203
 -0.8622424E-10-0.4925576E-10-0.5618444E-09-0.2482602E-08-0.8287545E-10 100104
 -0.3961242E-11-0.3353524E-11-0.3107340E-10-0.2043584E-09-0.6138753E-11 010104
 -0.9950102E-08-0.5576915E-08 0.1356495E-10 0.5555330E-10-0.1277003E-07 001104
 -0.6120511E-08-0.6110324E-08 0.7396281E-10 0.3073015E-10-0.2563431E-08 100005
 -0.1104821E-08-0.1108402E-08 0.1880955E-10 0.1095237E-10-0.3638468E-09 010005
  0.7270668E-10 0.7665968E-10 0.1167176E-07 0.5886471E-08 0.2835089E-10 001005
 -0.1900493E-09-0.1012277E-09 0.1815244E-12 0.8213913E-12-0.3112672E-09 000402
  0.7029475E-11 0.4108654E-11 0.1687952E-08 0.1130653E-08 0.1757675E-13 000303
 -0.1738699E-08-0.9740337E-09 0.2614873E-11 0.1003993E-10-0.2234569E-08 000204
  0.2482277E-10 0.2567768E-10 0.3652455E-08 0.1750988E-08 0.9892079E-11 000105
 -0.5792164E-09-0.7143709E-09  0.000000      0.000000    -0.3696210E-09 000006
 ------------------------------------------------------------------------------
